# Level Data File
# Format: modelName x y z [rotation] [scale] [hasCollision]

# Ground
ground_002 -25 -3.5 2 0 0.07 0
ground_008 30 -3.5 2 0 0.07 0

# Front wall (red mark = Wall_003)
Wall_003 -20 -2.0 -21 0 0.01 1
Wall_003 -16 -2.0 -21 0 0.01 1
Wall_020 -12 -2.0 -21 0 0.01 1
Wall_020 -8 -2.0 -21 0 0.01 1
Wall_020 -4 -2.0 -21 0 0.01 1
Wall_020 0 -2.0 -21 0 0.01 1
Wall_020 4 -2.0 -21 0 0.01 1
Wall_020 8 -2.0 -21 0 0.01 1
Wall_020 12 -2.0 -21 0 0.01 1
Wall_020 16 -2.0 -21 0 0.01 1
Wall_020 20 -2.0 -21 0 0.01 1

# Back wall (red mark = Wall_003)
Wall_020 -20 -2.0 25 0 0.01 1
Wall_020 -16 -2.0 25 0 0.01 1
Wall_020 -12 -2.0 25 0 0.01 1
Wall_020 -8 -2.0 25 0 0.01 1
Wall_020 -4 -2.0 25 0 0.01 1
Wall_020 0 -2.0 25 0 0.01 1
Wall_020 4 -2.0 25 0 0.01 1
Wall_020 8 -2.0 25 0 0.01 1
Wall_020 12 -2.0 25 0 0.01 1
Wall_003 16 -2.0 25 0 0.01 1
Wall_003 20 -2.0 25 0 0.01 1

# Left wall 
Wall_020 -22 -2.0 -21 90 0.01 1
Wall_020 -22 -2.0 -17 90 0.01 1
Wall_020 -22 -2.0 -13 90 0.01 1
Wall_020 -22 -2.0 -9 90 0.01 1
Wall_020 -22 -2.0 -5 90 0.01 1
Wall_020 -22 -2.0 -1 90 0.01 1
Wall_020 -22 -2.0 3 90 0.01 1
Wall_020 -22 -2.0 7 90 0.01 1
Wall_020 -22 -2.0 11 90 0.01 1
Wall_020 -22 -2.0 15 90 0.01 1
Wall_020 -22 -2.0 19 90 0.01 1
Wall_020 -22 -2.0 23 90 0.01 1

# Right wall 
Wall_020 22 -2.0 -21 90 0.01 1
Wall_020 22 -2.0 -17 90 0.01 1
Wall_020 22 -2.0 -13 90 0.01 1
Wall_020 22 -2.0 -9 90 0.01 1
Wall_020 22 -2.0 -5 90 0.01 1
Wall_020 22 -2.0 -1 90 0.01 1
Wall_020 22 -2.0 3 90 0.01 1
Wall_020 22 -2.0 7 90 0.01 1
Wall_020 22 -2.0 11 90 0.01 1
Wall_020 22 -2.0 15 90 0.01 1
Wall_020 22 -2.0 19 90 0.01 1
Wall_020 22 -2.0 23 90 0.01 1

# X < 0
rock_003 -10 -0.5 -19 270 0.01 1
acacia_003 -4 -0.25 -18 0 0.01 1
grass_003 -7 -0.25 -15 0 0.01 0
deadwood_007 -19 0 -8 0 0.01 1
tree_017 -19 -0.25 4 0 0.01 1
tree_017 -19 -0.25 12 0 0.01 1
tree_017 -19 -0.25 20 0 0.01 1
log_001 -19 0 -4 90 0.01 1
generator_002 -19 0 0 90 0.01 1
table_001 -12 0 -4 90 0.01 1
grass_003 -10.5 -0.25 -2.5 0 0.01 0
barrel_003 -19 -0.25 -12 0 0.01 1
grass_003 -7.5 -0.25 4.5 0 0.01 0
cart_001 -10 0 0 30 0.01 1
grass_003 -5 -0.25 9 0 0.01 0
barrel_003 -15 0 15 0 0.01 1
generator_002 -4 -0.5 23.5 0 0.01 1
container_004 -13 -0.25 23.5 90 0.01 1

# near X = 0
acacia_006 5 -0.5 -18 0 0.01 1
cactus_005 19.25 0 7 0 0.01 1
cactus_005 4 -0.25 -5 0 0.01 1
grass_003 -3.5 -0.25 5.5 0 0.01 0
grass_003 2 -0.5 17 0 0.01 0
barrier_001 12 -0.25 18 90 0.01 1
barrier_001 12 -0.25 22 90 0.01 1

# X > 0
helicopter_platform_001 14 0 -11 0 0.01 1
generator_002 7 -0.5 -16 180 0.01 1
barrel_003 9 -0.25 -4 0 0.01 1
box_004 17 0 2.5 0 0.01 1
grass_003 14 -0.25 0 0 0.01 0
box_003 20 0 2.5 0 0.01 1
barrier_004 21.25 0 4 0 0.01 1
barrier_004 20.25 0 4 0 0.01 1
barrier_004 19.25 0 4 0 0.01 1
barrier_004 18.25 0 4 0 0.01 1
barrier_004 17.25 0 4 0 0.01 1
barrier_004 16.25 0 4 0 0.01 1
machine_gun_005 20 0 -1 180 0.01 1
box_023 21.25 -0.25 10 0 0.01 1
box_020 19.75 -0.25 10 0 0.01 1
mortar_001 17 0 -1 180 0.01 1
grass_003 10 -0.25 7 0 0.01 0
barrel_003 15 -0.25 13 0 0.01 1
barrier_003 18 -0.25 16 0 0.01 1
barrier_002 18 -0.25 20 0 0.01 1
